1560
2113
967
1562
341
1855
1911
1042
1657
1891
1472
885
890
1468
660
1952
293
856
500
2056
547
504
356
1864
362
1045
56
2021
2006
962
712
928
21
2044
1934
1169
1164
592
165
259
120
778
1626
1057
625
1850
67
1861
46
1110
1527
1947
1445
864
1870
1726
1218
338
428
359
467
19
1742
1608
1711
69
26
1923
551
1477
62
535
1719
850
755
1386
1090
843
920
283
396
503
740
2017
1273
1900
2032
1231
2033
83
1725
1908
1769
746
306
1906
1399
1512
2067
912
564
420
447
273
2024
1388
1667
1078
1048
339
554
1247
1022
100
378
316
1702
413
342
1422
1286
779
493
1459
189
1668
1511
1157
125
620
832
772
1000
1039
1593
1365
1349
108
68
1061
1112
550
816
442
1278
392
240
1604
289
2106
543
1885
288
2112
994
1866
1499
369
860
1582
2074
1551
472
219
12
525
1580
992
1053
325
375
267
1576
2048
814
209
1597
1596
1658
855
1160
351
661
1663
479
1009
1193
299
1497
2095
1763
510
907
1253
1889
1628
455
111
2096
397
1844
1367
909
1915
183
549
1502
1482
6
1574
1144
1733
1974
1192
651
509
771
1910
911
788
1979
1179
1438
720
405
2023
542
1785
221
996
486
1718
473
846
166
560
1520
1040
1070
565
882
43
865
3
604
1211
1285
48
439
807
270
573
849
350
2065
231
1661
154
1044
1293
1252
1084
1036
1928
161
1011
1554
279
2063
1052
1569
2064
328
1730
2103
1107
1325
2111
412
1428
244
1210
132
1840
760
228
521
690
785
1067
1175
1875
1276
1912
310
187
262
466
505
1330
402
1876
714
1245
932
312
995
1297
414
1793
605
190
153
1728
667
571
1963
1063
723
937
1268
1778
1831
1773
1183
1685
793
1683
741
1790
1074
10
609
401
1669
739
492
215
1085
105
2105
1904
1444
335
1786
191
1847
1381
903
116
1830
838
744
427
964
1129
2051
1295
2025
1501
382
1935
1298
131
1303
57
1540
1420
1868
1121
1737
225
1622
648
1466
2068
20
151
485
1686
600
36
634
1014
1319
1873
1961
29
1013
1607
445
141
1166
953
1473
1451
123
421
1314
1191
906
217
1030
1693
1195
579
2045
101
1072
242
1089
1436
695
1812
417
886
784
935
60
817
272
263
1083
1132
914
97
1918
296
613
919
978
1949
984
501
675
1049
1427
924
1627
195
1464
1448
522
1453
1688
1768
556
1993
767
857
837
863
1599
736
1803
1228
789
1506
106
764
496
373
298
749
1766
954
460
773
1249
975
113
169
820
969
804
1221
32
1664
948
433
1774
915
432
1133
1177
1704
1677
1539
786
474
1156
1066
1518
594
122
638
1437
282
1230
1834
7
1123
671
1634
149
58
463
874
636
1941
733
59
523
617
109
1320
783
1515
368
1151
41
1269
747
745
1393
1933
1776
591
854
1698
1779
1486
70
710
1558
1180
210
1756
1021
1301
23
679
2090
1522
110
1886
1288
641
54
1653
1950
1274
1410
1207
1005
185
380
398
245
1145
387
489
559
1238
930
2050
1938
2110
812
2009
358
853
552
456
664
1575
1872
1087
42
1332
2100
1111
1654
321
1988
347
1630
916
650
1546
2043
2097
993
1098
1534
1368
1484
1167
1708
1446
1957
762
750
301
1609
787
798
385
899
1431
1805
1671
17
1592
115
1845
657
1465
1679
512
2071
2066
897
1674
618
119
538
1590
887
1862
1161
796
875
1853
765
176
5
777
1259
1890
379
1037
1843
129
2082
562
530
1542
1681
386
308
314
979
1312
1649
939
1220
539
1148
1379
674
1617
1797
1280
2084
1470
255
1498
757
96
640
1401
1783
2104
2014
1010
465
2022
1389
1007
1031
971
66
2107
226
425
1208
1356
1292
371
1822
1556
1246
528
1720
269
174
1333
1559
1586
1916
1614
1475
1852
719
643
926
2077
2040
234
1914
2005
1748
1362
936
1081
884
1583
39
317
235
1291
794
1956
1509
148
313
1201
646
1186
223
513
130
1077
1172
1603
302
1059
1378
1375
1491
404
1703
840
400
4
1670
24
1960
627
2055
1907
1034
1490
1425
1883
443
1981
491
1421
307
2
2011
1206
1968
1835
2042
872
1997
1256
1227
476
155
1366
192
607
519
1888
1353
894
1416
1233
30
537
1552
947
1901
684
1798
1114
2062
1441
181
1119
2080
2000
1457
731
353
394
1816
1104
1478
292
921
1771
698
1858
647
2069
1371
1741
1165
364
1781
900
1188
1429
2047
1829
37
1080
997
274
737
918
631
1376
1487
1680
2087
709
133
693
254
367
1735
450
1584
1134
383
629
1635
1105
1550
15
1395
1860
965
1412
1795
1585
360
1284
1895
94
1909
601
1588
354
869
2034
973
582
33
595
1143
611
438
276
1523
797
2037
1397
1091
1020
275
1838
1602
1171
1163
297
568
1639
1439
334
2018
172
444
1507
883
1050
1954
536
738
828
517
1690
862
63
1985
1759
117
976
1106
2070
1149
597
436
532
71
1802
1262
281
1102
851
541
196
1561
1801
1458
1943
1162
923
1408
1363
320
516
896
1126
702
1217
180
1610
802
1154
2012
1958
1255
805
229
1099
1624
775
822
346
1937
197
1825
1001
680
1467
469
945
399
524
337
1772
829
1471
1409
1205
759
952
1413
1833
258
713
687
751
88
1898
922
1701
616
630
213
1692
526
614
1856
2054
621
1310
669
1403
1296
2038
761
1182
22
1068
1204
868
628
801
422
1032
170
590
724
656
1374
1302
858
1851
1651
266
87
844
819
717
177
956
1987
1027
904
1755
1003
1581
199
2098
910
800
534
1058
1190
782
705
363
694
147
1488
654
1480
1372
140
1316
164
1503
1243
1272
2091
1984
1930
791
1152
1474
44
963
662
1660
1682
544
1407
1279
520
2026
1348
1620
1813
1903
1629
1311
1536
1757
770
2002
458
795
958
1965
758
711
718
1770
1155
2049
645
839
1638
377
1694
2031
1237
2007
567
2041
1450
1056
1761
905
252
1181
1613
138
1863
1046
985
1606
1305
1992
457
1510
809
1060
158
879
1504
1587
1854
55
454
434
1215
596
615
1346
128
249
580
2020
1336
1317
93
1524
0
959
933
1076
291
825
1530
357
1025
1004
1433
1097
815
1170
508
184
1516
265
830
668
673
1055
1990
1846
1632
2035
1029
2076
243
1884
233
696
1636
277
1705
1136
1794
507
1695
1234
171
477
295
977
324
1865
178
437
893
1832
424
1109
1754
1535
1655
652
727
212
1991
1300
1493
9
1442
488
1481
593
901
1006
780
1892
1270
1093
1877
753
1921
1996
1948
309
555
913
1826
836
1656
1158
1500
1982
540
1784
150
99
2102
1808
2053
632
1828
246
1557
1922
1929
561
1752
1267
810
1235
1402
1951
1810
1331
2046
241
34
1313
1513
848
548
1306
2108
1229
1804
2072
1842
1380
1318
1023
31
248
47
459
1579
1226
326
622
1384
1189
1531
1821
1715
515
873
2028
1370
876
1926
482
584
478
1327
1618
1092
2036
1213
1652
1391
186
806
1902
1329
247
230
1925
677
1567
13
25
1369
2114
90
1881
64
1103
1589
494
803
1287
790
352
1264
18
419
1127
728
304
1859
1047
188
691
577
1128
1526
236
1878
566
388
950
842
1108
725
1117
1244
452
1150
754
1880
1035
72
1879
1299
237
1447
238
1706
1176
949
1461
146
1549
168
1146
834
1849
1944
305
431
1633
871
553
92
991
1385
1729
1548
1392
1505
381
572
1966
1972
1544
1454
1254
823
1563
1745
1962
1460
28
602
1595
1242
1712
1326
214
290
157
946
955
2029
260
1130
1897
1946
1749
1871
1419
2030
406
1650
1740
1710
1713
1334
637
1547
1605
575
1533
1714
1203
658
194
2010
2078
499
1998
957
1800
941
666
1777
1328
418
1525
704
2075
403
1612
462
1324
1115
1024
1687
218
1788
1882
1198
1258
880
435
143
735
533
1940
506
1248
2094
1002
1377
1796
483
464
1519
877
811
1028
2003
581
1995
852
847
389
859
348
1924
268
603
1591
355
688
574
1887
531
1953
160
1012
518
1765
1236
374
487
1857
1033
461
1423
1494
700
1732
1696
1479
707
407
1174
569
1281
333
480
1896
370
1818
1648
1598
102
2052
827
1199
1823
1762
2039
1008
676
1426
1202
1699
1543
1241
1678
1265
1064
303
1263
85
384
1767
769
315
126
1782
423
527
1485
173
250
239
1197
1414
1827
1792
11
1483
748
951
1977
1283
1616
1999
721
1959
1811
545
1086
27
16
1364
1088
2083
1874
774
1434
961
1689
497
112
585
557
1435
824
227
1495
45
1724
73
1214
1989
898
86
175
134
678
1641
1185
1250
2081
1216
699
332
752
1120
2086
1159
1753
1125
344
546
330
1691
163
135
826
256
1983
2093
1675
416
14
730
610
927
2073
1994
1545
1819
470
1662
716
841
1075
1600
395
441
1619
966
1684
1780
1673
1321
606
1294
264
2027
391
1200
251
1452
1282
1568
1676
1194
902
2109
1920
1697
95
1404
1184
1936
104
1970
980
1750
570
1335
144
917
1508
1899
1973
2015
1707
167
925
1521
193
1917
1178
2079
329
1824
1
1309
1553
1815
300
708
2058
1623
1939
1424
121
1168
743
1304
1257
1360
1094
1383
318
481
881
471
1147
271
430
808
1469
633
722
408
1043
2001
768
502
587
1738
1153
999
1814
1430
1986
343
440
1791
1971
1807
2085
224
216
1398
1631
61
1492
311
1079
1062
649
1357
1118
2008
1517
576
1219
659
322
635
2057
1260
127
1841
1073
103
1532
908
1196
182
1239
211
938
653
1931
53
1100
891
1095
655
940
1496
1382
1746
732
1731
1789
50
198
1566
1625
1449
692
1529
2059
1820
124
1232
1700
1240
1751
1809
670
1919
261
1082
1394
599
734
889
137
833
1266
1717
118
578
2013
349
1261
960
429
1069
1869
1415
726
1739
495
2101
336
1026
1716
1601
1323
1251
1113
665
1975
390
1764
763
475
1209
253
1665
331
1570
608
1743
1637
156
1672
1538
294
974
1787
409
222
1848
1387
1932
756
1572
703
792
1945
1041
672
514
697
870
642
813
683
821
1577
1758
1373
91
1817
1315
1555
1955
1443
490
220
1339
2060
1839
1352
934
968
1173
1071
1927
895
1565
468
1799
972
1054
1594
845
1223
1271
38
892
1837
878
715
1101
1564
1347
410
449
1116
1131
598
1747
588
1913
8
1225
1727
781
1476
866
393
1212
361
1222
1528
1893
1611
929
232
1760
888
1187
766
65
998
686
1744
340
372
1406
1456
943
366
453
1275
970
1905
1396
145
1277
1964
1734
2099
114
1666
689
1775
1942
179
563
1736
1344
612
799
1290
415
1135
1390
2092
98
1411
1573
1709
558
586
644
1432
706
1894
742
1489
1440
1621
1224
1836
931
589
1289
1096
152
257
2016
1615
107
776
1537
